1 12.94 3.62
2 4.41 8.56
0 13.54 16.63
1 6.53 3.62
1 10.25 3.02
2 4.75 13.25
1 7.98 3.66
1 10.87 4.47
2 2.28 11.62
0 15.15 16.65
2 2.66 14.11
0 16.87 13.99
2 6.32 10.94
2 5.9 10.64
1 12.26 1.27
1 8.9 3.33
0 11.11 13.27
1 11.06 2.33
2 6.99 15.45
0 16.62 16.67
1 9.6 3.91
1 11.74 3.33
0 18.84 16.5
2 2.03 8.98
0 15.21 14.97
2 2.66 8.1
2 3.6 11.5
2 1.23 10.67
0 14.39 13.58
0 13.88 12.54
2 7.11 14.42
0 13.16 11.24
0 14.45 14.39
1 10.93 1.19
1 8.0 2.66
1 10.93 1.91
1 9.11 4.31
1 10.69 4.01
2 3.78 11.26
0 12.15 13.39
1 7.58 2.71
2 3.6 11.73
1 7.5 2.97
0 13.3 12.8
2 4.02 12.52
2 3.59 12.18
1 9.55 1.93
0 15.55 12.07
1 10.08 1.7
0 12.1 9.86
2 2.11 7.93
0 14.9 17.23
2 3.51 11.18
1 8.28 1.59
1 10.23 2.7
2 4.23 9.27
1 10.77 4.62
0 16.5 14.32
2 4.25 8.16
0 13.88 11.71
1 9.3 4.2
1 8.67 3.48
2 5.13 9.82
0 15.73 15.06
0 12.17 13.49
2 4.72 12.13
1 11.3 2.63
1 10.18 2.06
0 10.45 11.46
1 9.06 2.58
0 11.51 14.53
1 10.4 1.19
2 3.17 10.87
1 11.41 2.75
0 15.51 17.25
2 5.22 10.88
1 12.88 2.58
2 4.01 9.67
0 15.85 16.9
0 14.64 14.53
0 13.12 12.88
0 11.66 10.9
0 15.57 12.67
2 3.09 9.82
2 4.96 10.81
2 2.53 12.64
1 9.38 3.4
2 3.4 10.05
1 10.95 2.5
1 12.55 4.88
0 16.35 15.72
2 2.76 12.21
2 5.2 10.61
1 11.57 1.64
0 12.14 10.71
2 2.18 14.68
